1736588676309 nan 0
1736588953237 nan 1
1736589202256 nan 2
1736589442296 0.7498045347928068 3
1736589666156 0.7232212907077558 4
1736589905328 0.7380992246681876 5
1736590150452 0.7401358335238183 6
1736590388632 0.7461126602392048 7
1736590626427 0.7568946140108862 8
1736590863130 0.7623810583959832 9
1736591100172 0.7719777607529621 10
1736591344004 0.7765170104701205 11
1736591582240 0.7833079890432497 12
1736591820110 0.7906699525367538 13
1736592057184 0.7962692054111307 14
1736592295044 0.8039962677987923 15
1736592538984 0.8084365255294252 16
1736592775412 0.8128606531844851 17
1736593012169 0.8189348916060023 18
1736593249891 0.8271032811543152 19
1736593486385 0.8283436678429457 20
1736593730040 0.8346096430183421 21
1736593966860 0.8378130772131284 22
1736594203947 0.8461360241731066 23
1736594441299 0.8464054554153935 24
1736594678896 0.8510300536403154 25
1736594922611 0.8546496114038128 26
1736595159352 0.8605823046726536 27
1736595396206 0.8616425290229164 28
1736595633852 0.864196340371227 29
1736595870690 0.8677204210822996 30
1736596117405 0.874871400872928 31
1736596356883 0.8770824642713078 32
1736596594777 0.8811107879612482 33
1736596832449 0.8815710144076093 34
1736597070717 0.8860766442866974 35
1736597314250 0.8868606848379798 36
1736597550406 0.8913900019673279 37
1736597790541 0.892231024771133 38
1736598029460 0.8933934908631539 39
1736598268864 0.897177970670662 40
1736598514348 0.8992652718540741 41
1736598752378 0.9017332909696474 42
1736598989588 0.9027932065900469 43
1736599227693 0.9059811161922713 44
1736599465420 0.9065930003505333 45
1736599710308 0.9099244348089883 46
1736599948307 0.9113897351843636 47
1736600187867 0.9119447940246853 48
1736600426997 0.9130744033787052 49
1736600664740 0.9141512614716489 50
1736600910137 0.91684184245292 51
1736601148174 0.9183899402271186 52
1736601386033 0.9209067136065828 53
1736601623610 0.9198418547517822 54
1736601861502 0.9216843280434127 55
1736602106330 0.923838103527359 56
1736602343552 0.9256773367471027 57
1736602580891 0.9262885477381024 58
1736602818844 0.9273752246618123 59
1736603056484 0.9280460857860778 60
1736603300230 0.9286692954069802 61
1736603537374 0.9276436293198312 62
1736603773888 0.9302406664763082 63
1736604010078 0.9315848740984177 64
1736604245231 0.9336304062533992 65
1736604488189 0.9342493795497003 66
1736604724715 0.9340656574415602 67
1736604960370 0.93452310442031 68
1736605196931 0.9347124489130402 69
1736605434397 0.9364031355336068 70
1736605675795 0.9362617722568786 71
1736605913960 0.938094622402748 72
1736606152168 0.9374105856557898 73
1736606389769 0.9383538596410955 74
1736606626140 0.9388998340894188 75
1736606869740 0.9398531474093186 76
1736607106750 0.9393117350009618 77
1736607345518 0.9398376191904467 78
1736607582974 0.941917224219423 79
1736607819558 0.9406061283124502 80
1736608062912 0.9414163770934807 81
1736608300511 0.9416730358369022 82
1736608534239 0.9423596235146605 83
1736608773993 0.9429425354966661 84
1736609013140 0.942711083314223 85
1736609259090 0.9417462546546715 86
1736609494946 0.9445395772350891 87
1736609733441 0.9418492650711292 88
