1736588676313 0.5377634763717651 0
1736588953240 0.5098637342453003 1
1736589202261 0.5103258490562439 2
1736589442300 0.5023497343063354 3
1736589666161 0.518322765827179 4
1736589905331 0.48214006423950195 5
1736590150456 0.5321807265281677 6
1736590388635 0.46447914838790894 7
1736590626430 0.48780348896980286 8
1736590863134 0.4556848406791687 9
1736591100176 0.4513466954231262 10
1736591344007 0.4639695882797241 11
1736591582244 0.42220625281333923 12
1736591820115 0.4138634502887726 13
1736592057187 0.4047485888004303 14
1736592295047 0.46147143840789795 15
1736592538988 0.4031735062599182 16
1736592775415 0.4216195344924927 17
1736593012172 0.3984073996543884 18
1736593249895 0.40452247858047485 19
1736593486396 0.31824466586112976 20
1736593730043 0.38759279251098633 21
1736593966864 0.38745763897895813 22
1736594203950 0.3687131702899933 23
1736594441303 0.3879798352718353 24
1736594678899 0.3423265516757965 25
1736594922615 0.33179375529289246 26
1736595159355 0.358845978975296 27
1736595396209 0.33831986784935 28
1736595633855 0.3067757189273834 29
1736595870695 0.3298018276691437 30
1736596117408 0.25198033452033997 31
1736596356888 0.3044276833534241 32
1736596594781 0.3225458860397339 33
1736596832452 0.31135842204093933 34
1736597070721 0.34396588802337646 35
1736597314254 0.3388144075870514 36
1736597550409 0.2432825118303299 37
1736597790545 0.3133593499660492 38
1736598029464 0.32736337184906006 39
1736598268867 0.30396702885627747 40
1736598514351 0.28715747594833374 41
1736598752381 0.3060593008995056 42
1736598989591 0.31848201155662537 43
1736599227696 0.30505114793777466 44
1736599465425 0.2546434700489044 45
1736599710311 0.26543185114860535 46
1736599948311 0.29393574595451355 47
1736600187870 0.2502318322658539 48
1736600427000 0.308926522731781 49
1736600664743 0.294587105512619 50
1736600910141 0.2345675379037857 51
1736601148178 0.2590578496456146 52
1736601386037 0.256998211145401 53
1736601623614 0.2613001763820648 54
1736601861505 0.27306655049324036 55
1736602106333 0.25143736600875854 56
1736602343556 0.2552344799041748 57
1736602580895 0.20548488199710846 58
1736602818848 0.21096336841583252 59
1736603056487 0.25258803367614746 60
1736603300234 0.26070478558540344 61
1736603537377 0.26036593317985535 62
1736603773892 0.21851015090942383 63
1736604010081 0.2088710367679596 64
1736604245235 0.22153981029987335 65
1736604488192 0.24768146872520447 66
1736604724718 0.25179624557495117 67
1736604960374 0.25785648822784424 68
1736605196935 0.21373502910137177 69
1736605434400 0.24177345633506775 70
1736605675798 0.2354639321565628 71
1736605913963 0.2102532982826233 72
1736606152172 0.2104913294315338 73
1736606389773 0.25792399048805237 74
1736606626143 0.2190636843442917 75
1736606869743 0.2192521095275879 76
1736607106755 0.23824070394039154 77
1736607345521 0.26096025109291077 78
1736607582978 0.22740283608436584 79
1736607819562 0.19291482865810394 80
1736608062915 0.19076326489448547 81
1736608300515 0.2602548897266388 82
1736608534242 0.23219551146030426 83
1736608773997 0.23356683552265167 84
1736609013144 0.24284479022026062 85
1736609259094 0.18995022773742676 86
1736609494949 0.25188180804252625 87
1736609733445 0.2501174211502075 88
